00000000
08916551
05970796
00937352
01835314
09331340
02986686
07299854
03981310
08021305
04673876
02013491
06435300
03077079
05218179
00787429
07952220
02000011
09327418
08405727
01457266
01446753
07216332
08619049
03117528
03990700
04805188
00012670
05471382
09892035
05102694
00622273
07976003
06154908
05734742
02961610
06076060
03047694
09038105
03651635
03184039
05795776
05112584
06881244
08219829
03685447
03115003
08129530
08028328
01952246
05164715
06520516
03027276
09464184
01464112
05528602
06871580
00164998
02539414
07224306
09842279
00481605
09118334
04035435
03936790
05765649
00230245
03506143
00810473
09220376
08833626
08164959
03249870
09111416
00348768
04215070
08034860
07202100
03419216
03308492
04505593
08924837
02149005
01922040
07103396
00850770
03272894
01602503
09385629
06888876
06321325
00733782
08857738
00238683
04404355
03046346
05328238
00185421
01808178
03862169
09038074
03544069
07598840
04243714
07448874
06986352
07853833
04079084
07362771
07183443
08343206
06079329
01490448
09834408
08968456
07405928
06644703
05974209
08587439
02764561
07022447
04418790
01855423
09768109
08221499
01739979
09100205
02728858
00529957
01450078
04240867
07245342
07690504
06572245
03206698
00567930
09369048
07083583
04343640
09419907
00374141
01309314
09242673
01704674
04311230
07903575
01556455
04408061
08810548
00973713
04160852
01798980
09357033
00546276
03248822
07087523
03824652
05281416
04454908
03015276
02011406
03715708
07817292
02741501
04731254
05346390
06086894
09679666
01266611
00069012
00049393
09698026
00472171
07021675
07545164
08918682
07882483
05126449
00487431
05468332
06081562
01176011
00787411
03052167
01983393
07781208
07504738
04743360
08329379
06154870
02055317
05148238
08366115
05589027
08199428
07073071
02054030
09712692
07177928
05009679
08763745
